1 9 4 3
2 10 9 7
3 4 10 5
4 0 7 9
5 10 4 4
6 3 4 2
7 0 5 6
8 3 9 6
9 4 6 2
10 1 3 1
11 8 10 4
12 7 5 8
13 9 3 1
14 6 4 6
15 9 4 2
16 1 10 1
17 2 1 3
18 7 1 7
19 9 1 7
20 6 3 2
21 7 6 6
22 3 9 7
23 7 1 9
24 10 4 10
25 6 5 5
26 5 6 6
27 5 5 9
28 4 8 3
29 2 7 7
30 5 7 6
31 2 2 9
32 5 5 7
33 10 7 10
34 1 10 2
35 6 9 5
36 9 10 7
37 0 3 2
38 3 8 8
39 6 5 7
40 9 8 10
41 4 8 9
42 10 5 1
43 8 8 10
44 6 5 1
45 3 7 2
46 2 8 6
47 1 10 2
48 4 7 10
49 0 4 4
50 5 5 7
51 9 3 8
52 4 3 10
53 10 4 4
54 3 3 2
55 0 5 3
56 1 8 3
57 7 1 2
58 6 3 5
59 4 2 6
60 7 4 9
61 7 1 1
62 10 3 9
63 9 4 3
64 2 5 1
65 1 4 5
66 3 8 2
67 0 8 5
68 9 7 9
69 1 2 1
70 2 8 9
71 0 3 10
72 7 4 9
73 10 4 1
74 4 5 1
75 5 6 4
76 10 8 6
77 6 5 6
78 1 10 9
79 4 2 5
80 7 5 9
81 8 6 5
82 6 7 8
83 5 10 4
84 6 3 7
85 7 5 1
86 3 10 8
87 9 3 3
88 10 2 6
89 2 9 1
90 2 6 7
91 10 10 7
92 6 10 6
93 8 8 6
94 5 5 1
95 6 10 4
96 3 1 3
97 6 10 3
98 6 10 8
99 10 4 8
100 1 3 8
