1 102 99 312
2 435 47 580
3 348 78 578
4 270 3 365
5 106 1 252
6 71 24 278
7 188 68 431
8 20 16 194
9 102 80 355
10 47 94 314
11 304 32 556
12 310 15 417
13 330 90 588
14 458 42 660
15 87 77 231
16 372 90 633
17 456 29 579
18 83 93 351
19 10 31 236
20 303 9 381
21 251 9 331
22 235 9 397
23 406 85 683
24 343 12 515
25 194 43 301
26 57 97 333
27 494 50 706
28 321 18 409
29 464 31 674
30 385 79 595
31 90 15 227
32 233 30 419
33 280 24 412
34 119 4 303
35 212 95 490
36 225 96 509
37 136 76 312
38 116 63 296
39 394 62 587
40 419 29 628
41 298 61 526
42 59 70 271
43 355 72 603
44 154 56 304
45 79 4 232
46 246 26 420
47 162 73 398
48 386 61 589
49 364 66 618
50 221 62 425
51 212 99 492
52 409 50 675
53 493 22 645
54 390 24 564
55 305 32 459
56 3 34 167
57 227 43 386
58 248 20 433
59 74 100 281
60 366 57 570
61 102 34 261
62 195 70 394
63 457 54 675
64 307 27 529
65 206 96 482
66 490 64 677
67 119 56 335
68 242 11 434
69 246 34 407
70 137 49 330
71 385 58 570
72 118 26 300
73 286 65 558
74 255 63 478
75 308 39 459
76 448 13 582
77 99 59 330
78 457 92 744
79 256 66 485
80 433 17 604
81 418 44 640
82 333 8 434
83 487 2 693
84 437 26 677
85 361 6 486
86 190 85 469
87 374 49 600
88 242 30 483
89 229 12 442
90 342 95 620
91 189 57 380
92 14 46 201
93 159 29 353
94 182 50 431
95 37 54 290
96 7 81 250
97 14 33 234
98 51 77 318
99 344 7 490
100 405 10 630
101 131 57 319
102 78 77 318
103 380 60 609
104 425 41 627
105 93 13 258
106 11 67 220
107 304 69 577
108 70 75 264
109 282 47 473
110 34 19 195
111 462 65 699
112 53 40 266
113 140 96 336
114 420 89 710
115 356 72 624
116 318 25 457
117 156 21 363
118 271 43 497
119 302 70 528
120 64 99 345
121 2 90 164
122 58 98 321
123 4 9 208
124 194 53 417
125 208 57 440
126 95 71 330
127 305 87 575
128 119 23 318
129 76 37 243
130 79 93 289
131 263 26 447
132 230 38 433
133 441 96 711
134 119 91 392
135 443 88 706
136 14 58 256
137 457 89 699
138 149 16 343
139 241 85 488
140 491 93 699
141 179 29 344
142 206 29 449
143 142 65 321
144 25 13 202
145 466 39 650
146 321 7 493
147 147 93 383
148 246 41 456
149 379 48 563
150 211 51 413
151 493 44 714
152 348 46 613
153 111 69 283
154 77 55 258
155 217 75 462
156 486 7 693
157 408 50 632
158 359 14 582
159 154 9 297
160 232 52 406
161 268 54 521
162 80 33 281
163 493 98 781
164 60 8 206
165 465 14 618
166 379 46 570
167 468 34 656
168 263 30 460
169 276 42 515
170 448 88 725
